-11.1 -10 -2.1 2.2 16.3 17.1 16.5 17 11.4 3.1 -1.5 -6.4
-12.9 -8.3 -7.6 5.2 8 17.7 17.2 14.5 10.5 4.6 -2.5 -5.4
-6.2 -6.1 -4.4 3 13.5 19.4 21.8 17.3 10.6 7.2 -0.8 -4.3
-10.8 -9.7 -1.4 4.3 11.5 13.6 18.1 16.5 11.4 3.7 1.3 -1.7
-5 -7.9 -3 8.8 15.2 14.4 17.8 15.9 12 5.5 -2.2 -4.1
-5.4 -12 -3.4 7.1 15.9 15.5 17.3 14.8 12.1 6.3 -4.1 -10.5
-11.1 -15.3 -4.6 4.5 12.7 14.4 16.2 19.1 9.8 5.7 -4.2 -7.6
-7.4 -15.3 -1.1 6.1 13.1 18 17.4 16.1 8.2 3.6 -0.9 -8.5
-19.1 -7.2 -6.7 2.1 12.2 17.5 16.3 14.8 8.9 3 -4.2 -7.9
-8.6 -6.9 -1.7 4.9 13.4 19.1 21.3 16.4 10.9 4.4 -5.6 -7.8
-2.6 -1.2 1.3 7.3 13.2 20 18.9 16.2 11.8 4.9 -3.3 -5.9
-6.4 -0.3 1.3 7.6 10.5 14.3 17.2 15.5 9.1 4.9 -0.3 -4.2
-6.8 -7.6 -2.5 6.4 13.3 18.7 17.9 15.8 10.5 6.3 0.3 -4.6
-5.9 -5.4 0.6 4.6 11.7 16 18.2 17.8 12.8 1.6 -3.3 -5.1
-5.2 -5.5 -2.9 5 14.3 13.9 17.3 15.2 6.7 4 -9 -4.3
-4.1 -12.4 -3.8 6.6 9.9 14.6 17.4 15.5 13.6 4.7 -2.8 -9.1
-6.7 -1.4 0.1 8.7 14.4 19.5 17.3 16.5 12.6 6.3 -3.2 -10.4
-11.2 -11 -4.4 5.6 15.7 16.4 18.6 17.1 9.6 5.3 3.4 -8.1
-8.6 -5.4 -2 4 11 17.8 18.7 17.2 8.3 3.5 -1.3 -8.5
-5.6 -8.7 -2.3 3.3 13.3 19.2 18.2 15.1 10.5 5.3 -9 -7
-5.2 -7.4 -1.9 8.9 8.5 20.9 21.4 15.8 11.5 7 -5.9 -2.3
-7.1 -3.6 -1.7 10.2 10.6 15.9 19 16.4 9.7 6.8 -0.9 -3.1
-4.9 -7.8 -3.1 10 11 15.9 22.4 16.2 11.8 4.7 -1 -11.9
-5.6 -1.1 2 6.6 12.3 16.8 22.1 16.7 11.3 2.2 -2 -13.9
-8.2 -9.7 -4 4 15 12.5 20.2 16.5 11 5.2 0.8 -2.8
-7.2 -8 0.7 4.1 11.2 14.8 18.7 18.1 11.9 5.5 -2.4 -3.6
-3.6 -9.8 -6.8 6.4 14.6 15.9 18.8 17.1 12.7 5.8 0.9 -5.1
-11.5 -14.9 -5 5.4 12.2 18.1 17.3 17.1 13 6.5 0 0.7
-2.5 -12.3 3.7 5.3 15.5 16.9 18.6 19.7 11.5 6.4 -2.5 -2.4
-6.8 -2.3 1.2 9 11 15.1 18.9 17.4 10.6 8.4 1.7 -2.2
-6.3 -6 -1.4 4.5 13.5 17.1 18.7 15.5 13.5 5.5 1.9 -7.9
-15.8 -9.1 -2.1 7.8 16.6 18.6 25.5 21.4 11.5 3.4 2 -8.3
-8.5 -11.8 -3 5.8 14.3 18.6 22.8 18.4 11.8 6.1 -0.2 -0.7
-7.7 -12.6 -3.7 7.3 14.7 16.6 20.2 17 12.4 6 1 -9.8
-9.5 -4.5 -7.5 5.2 16.5 19.2 18.5 17.7 9.9 6.1 3.4 -2.4
-10 -2.6 1.9 6.2 15.5 15.7 20.3 18.5 11.6 3.1 -2.2 -4.7
-5.3 -2.8 0.8 5.4 13.9 17.2 17.7 16.8 13.4 3.7 -0.1 -0.3
-11.2 -1.3 -0.5 7.4 14.3 17.4 20.5 18.8 11 4.1 -3.2 -5.3
-8.6 -5.4 1.8 4.9 10.3 14 17.4 18.1 12.4 4.6 -0.4 -0.6
-5 -10.1 -6.1 7.1 15.5 16.5 19.9 18.9 14 6.5 -1.2 -6.6
-7.7 -2 -0.1 7.4 15.8 19 16.1 15.7 11.5 8.1 1 0.4
-0.2 -0.8 3.2 4.2 11.2 18.3 18.3 16.8 13.2 8.5 1.6 -4.8
-6.6 -11.7 -2.2 6.8 13.8 19.7 21.6 18.9 9.4 5.7 1.7 -8
-6.1 -1.7 -1.9 5.2 10.1 18.2 20.1 21.2 9.5 6.7 -1.2 -4.8
-5.4 -4.7 0.3 8.9 12.2 16.4 18.2 19.8 15.5 5.4 0.6 -5.4
-10.7 -4.8 1.3 11.1 12.7 20.3 22.9 20.4 19 8.7 1.8 -2.8
